40932
40933
40934
40935
41873
42837
42838
42839
42840
42841
42842
42845
43182
43183
43184
43185
43882
43883
43884
43885
43886
43887
43888
43889
44407
44413
44855
44860
44861
44863
46500
46501
46502
46503
46908
46909
46910
46911
47493
47529
47538
48269
48273
48923
51021
51036
51054
51058
52733
52740
52769
55013
55014
55017
55037
55038
55088
56182
56187
56206
56970
56974
56977
57390
57391
58259
58260
58263
58267
58332
58333
58335
58336
58337
58340
58697
58899
58900
58902
58903
59115
59116
59146
59147
